1 101 5.0
2 101 1.5
3 101 4.0
4 101 2.0
5 101 5.0
6 101 3.5
7 101 4.5
8 101 1.0
9 101 3.0
10 101 5.0
11 101 2.5
12 101 4.0
13 101 3.5
14 101 4.5
15 101 2.0
16 101 5.0
17 101 1.5
18 101 4.0
19 101 3.0
20 101 5.0
21 102 3.5
22 102 4.0
23 102 3.0
24 103 2.5
25 103 4.5
26 103 3.0
27 104 4.0
28 104 3.5
29 104 4.5
30 105 2.0
31 105 4.0
32 105 3.5
33 106 5.0
34 106 4.5
35 106 3.0
36 107 4.0
37 107 2.5
38 107 3.5
39 108 5.0
40 108 4.8
41 108 5.0
42 101 4.5
43 101 2.0
44 101 5.0
45 101 3.5
46 101 1.0
47 101 4.0
48 101 2.5
49 101 5.0
50 101 3.0
51 102 4.5
52 102 3.5
53 102 2.0
54 103 4.0
55 103 3.5
56 103 5.0
57 104 3.0
58 104 4.5
59 104 2.5
60 105 4.0
61 105 5.0
62 105 3.0
63 106 4.5
64 106 3.5
65 106 4.0
66 107 3.0
67 107 4.5
68 107 5.0
69 101 4.5
70 101 2.0
71 101 5.0
72 101 3.5
73 101 1.5
74 101 4.0
75 101 2.5
76 101 5.0
77 101 3.0
78 101 4.5
79 101 2.0
80 101 5.0
81 102 3.5
82 102 4.0
83 103 2.5
84 103 4.5
85 104 3.0
86 104 5.0
87 105 4.0
88 105 2.5
89 106 4.5
90 106 3.5
91 107 4.0
92 107 2.0
93 101 4.5
94 101 1.0
95 101 5.0
96 101 3.5
97 101 2.0
98 101 4.0
99 101 3.0
100 101 5.0